wavelength,fbi,fbiba,silica
300.0,0.0004752518511176844,0.00041250524028303356,0.000954816586086016
301.0,0.0004646506094691452,0.00040912630434832925,0.0009330623520713497
302.0,0.0004532138260229571,0.00040055043233116653,0.0009077678565762301
303.0,0.00044171811859028295,0.0003939167500861352,0.0008849995363141089
304.0,0.0004288209629543999,0.00038881255265087145,0.0008590347489421716
305.0,0.0004192594929489821,0.0003817657879035518,0.0008387220784378931
306.0,0.00041025696651946934,0.00037710944066796884,0.000819074871193071
307.0,0.0004024510046435279,0.0003734678539049092,0.0008025911052674177
308.0,0.0003959367827160713,0.0003687430391473195,0.0007851375611489261
309.0,0.0003875495838018501,0.0003663132373695676,0.0007719220751447383
310.0,0.0003800088198469338,0.000360858309149997,0.0007598956986778885
311.0,0.00037394918484115144,0.00035599357113566565,0.000748718796522253
312.0,0.00036672344996597594,0.0003512950079975956,0.0007346194262441978
313.0,0.0003609795215334379,0.0003472155067408098,0.0007221625938834512
314.0,0.0003440439262760817,0.0003344941737913659,0.0006866869287324963
315.0,0.0003289311739931976,0.0003213222748036694,0.0006563973537921631
316.0,0.00031133355317876523,0.00030625396815936966,0.000620372952042401
317.0,0.00029724652806404045,0.0002919441344166764,0.0005912422117077135
318.0,0.00027922062648858865,0.0002794423930868113,0.0005579945302361327
319.0,0.0002649267407790915,0.00026764811319290486,0.000531238720178915
320.0,0.00024880541130306317,0.0002531785844698082,0.0005040379959692501
321.0,0.00023664967793945847,0.00024192492453982235,0.00048082291698340305
322.0,0.00022398209855286358,0.0002316462815124637,0.0004544110129550194
323.0,0.0002123956757607348,0.0002220638388485856,0.0004331703682461339
324.0,0.00020094899252212214,0.0002120801606985419,0.00041340542476899563
325.0,0.00019240307219762733,0.00020546336162885698,0.00039875905736029647
326.0,0.00018590218075649692,0.00020113192193658638,0.00038516037975796596
327.0,0.00019069792221819383,0.00020618994294979977,0.00039547135942388296
328.0,0.00019609305538427247,0.0002176376530208746,0.0004093315123099722
329.0,0.00020200698802784573,0.00023211937978818143,0.0004271097359197698
330.0,0.00021068581426692717,0.00024776457549997323,0.00045410963733515103
331.0,0.00022186570601297786,0.0002591985478297091,0.00048281654780721876
332.0,0.0002336882916941994,0.00027437685849584733,0.0005185899465564951
333.0,0.00024386553820629015,0.0002872933461940338,0.0005496369034297262
334.0,0.0002555919916412125,0.0003025314690817092,0.0005852303897602093
335.0,0.00026410163782816717,0.0003092274587467664,0.0006155475811829806
336.0,0.0002732242970745397,0.0003219549670158307,0.000641917227123893
337.0,0.0002793528560816092,0.0003315138391336455,0.0006579583133228444
338.0,0.000283484153318612,0.0003392542467386633,0.0006700165666024751
339.0,0.0002837225779678993,0.00034180542380591217,0.0006745517668733316
340.0,0.00028003001806294156,0.0003398564246556723,0.0006697807852816416
341.0,0.00027534312063442817,0.0003349407847140886,0.000660163775228566
342.0,0.00026921207202121837,0.0003241454608683868,0.0006391971753561845
343.0,0.00026100968104499154,0.0003150051698836324,0.0006146697050772327
344.0,0.00024759239925051745,0.000306527743405228,0.0005789508574857039
345.0,0.00023771048165763508,0.0002970167064431834,0.0005492458444216061
346.0,0.0002270699447808417,0.00028842982549856164,0.0005148760863330575
347.0,0.00021887701664868904,0.00028048381474533814,0.000490445347316348
348.0,0.00021310753706091294,0.00028022579758889564,0.00046659511421697495
349.0,0.00021220718747028654,0.00027954071273249655,0.00045484361376986774
350.0,0.00021213561123696768,0.00028162983976703064,0.0004507867625402132
351.0,0.00021581806078214491,0.00028673944505073524,0.00045416048129427955
352.0,0.00022379099630731754,0.0002975237172602333,0.0004669875424864632
353.0,0.00023309656428901446,0.00030968619384124236,0.00048327082370121243
354.0,0.00024739948499518673,0.0003279681914044828,0.0005081477730595488
355.0,0.0002588554013607381,0.0003413621199527173,0.0005305008095881378
356.0,0.0002703941681624754,0.0003548631477297907,0.0005524416104037332
357.0,0.0002829826371508775,0.00037327674962244796,0.0005730491845329757
358.0,0.00029299697647421427,0.0003868003250040073,0.0005843464651093565
359.0,0.0002997049535035552,0.0003981136064945562,0.0005938869993010265
360.0,0.00030453012615780546,0.0004086212291946395,0.0005966156374758535
361.0,0.00030738471391540467,0.00041723333685685207,0.0005962088973019983
362.0,0.0003054100944590205,0.000422707424109411,0.0005937652931382529
363.0,0.0003053364661237071,0.0004313450820618473,0.000588007832542406
364.0,0.0003023936134927693,0.0004364186555116167,0.0005780177685448363
365.0,0.00029749928767615005,0.00044074682841685844,0.0005657724677018981
366.0,0.0002914787813223157,0.00044417065584764114,0.0005502080120682914
367.0,0.00028557643157924354,0.00044426282242919745,0.0005369444923680191
368.0,0.0002802548490474652,0.00044779175182230765,0.0005225782996000349
369.0,0.00027627881084830156,0.0004541552488385939,0.0005126557788225649
370.0,0.00027645766962932955,0.00046062466430671107,0.0005076551134886016
371.0,0.00027398420037594165,0.0004737506070577521,0.0005057499209829836
372.0,0.0002752716896781603,0.000496325664363765,0.0005076025956655363
373.0,0.00027684631102717984,0.0005187851123607932,0.0005098412842508485
374.0,0.0002791826931579602,0.0005519742941437333,0.0005158942677298247
375.0,0.0002828011115646571,0.0005911654264118393,0.000519690785051904
376.0,0.00028559675258941835,0.0006351859756071188,0.0005247356386366792
377.0,0.000289949280533277,0.0007060382200688778,0.0005328478830449488
378.0,0.00029497044162959057,0.0007775972080493346,0.0005419424199185853
379.0,0.00029911157988988396,0.0008878708525183021,0.0005557481430364175
380.0,0.0003020405866593244,0.0009969189980801223,0.0005673184300236573
381.0,0.0003043740441790175,0.0011274570452442913,0.0005825566967956902
382.0,0.0003078323548699131,0.0013029257865682597,0.0006021104746519834
383.0,0.00030907636584472103,0.0014837409149093417,0.0006250788160037542
384.0,0.00031412131408248533,0.0017301286828206451,0.000661738986731443
385.0,0.00031886460324825785,0.0019785620648178383,0.0007024816654275045
386.0,0.0003247892174996646,0.002291095641759832,0.0007595870109569301
387.0,0.0003331486887985169,0.0025872406358673585,0.0008127538963284494
388.0,0.00034305226836315016,0.002952539275428588,0.000874316804186213
389.0,0.00035165828728391077,0.003286291957896132,0.0009307029756303246
390.0,0.000359359352405804,0.003686217798494231,0.000990166720587163
391.0,0.00036458335456604116,0.004046284724097908,0.0010359507104622443
392.0,0.0003711000606547912,0.004461232223384042,0.0010830370378433862
393.0,0.0003757079952071918,0.004805922266734467,0.0011175071995891477
394.0,0.00037913205027439875,0.0052005710847103405,0.0011475477087521343
395.0,0.0003820624614065309,0.005513762371446019,0.0011659242292963688
396.0,0.00038564896433880975,0.005812937434840942,0.001171947574348472
397.0,0.0003876821356528884,0.006130678556831226,0.0011640274452765348
398.0,0.0003895584545848841,0.006364328457499555,0.001142744701531828
399.0,0.00038899392602215644,0.006618202840327129,0.0011029607236806816
400.0,0.000385179054428464,0.0068096689840206415,0.00106107036768994
401.0,0.00038073790321876776,0.0069785003939447435,0.0010158213424009328
402.0,0.0003761993399775819,0.007154369586520984,0.0009569459595850592
403.0,0.0003719657487098197,0.0072824624035845035,0.0009086061638502317
404.0,0.00036818667534375526,0.007422727137564275,0.0008536549003037331
405.0,0.0003650353805363586,0.007537466453200749,0.0008105000018011389
406.0,0.0003623727431156479,0.0076503813769003325,0.0007701960346579477
407.0,0.00036264612843882966,0.007785851545003129,0.0007281822379227706
408.0,0.00036339479108012855,0.007906045511263572,0.0006987280698145771
409.0,0.000365132703394151,0.008050404151311228,0.000674353214822965
410.0,0.00036802469177838425,0.008179026099458048,0.0006596831944787082
411.0,0.00037244010152506074,0.00831406427716783,0.0006549113382596189
412.0,0.0003822113450543186,0.008476954960888152,0.0006620300553468233
413.0,0.0003946332172726733,0.008612552273050252,0.0006766903397737578
414.0,0.0004136222881631893,0.00877112167893595,0.0007030142627363177
415.0,0.00042964117940608377,0.008902870343432196,0.0007289588110010284
416.0,0.00044774811592922096,0.009026938921189226,0.0007575768001892024
417.0,0.0004675868050488428,0.009158249918862016,0.0007920424453291474
418.0,0.0004844731601056336,0.009241812728783397,0.0008191738743299952
419.0,0.00050412847478803,0.009323355307711768,0.000843416177704038
420.0,0.0005159115812970492,0.009360666747038067,0.0008599168676358441
421.0,0.0005234864046393811,0.009381611022096004,0.0008706739710788522
422.0,0.0005300811019076081,0.009367084797639091,0.0008744436959416797
423.0,0.0005335632319767556,0.00933184019494491,0.0008731742920654712
424.0,0.0005359167039788394,0.009262353721847381,0.000862495041030237
425.0,0.0005343301231926604,0.00918689534792849,0.0008479582605846383
426.0,0.000530637186538702,0.009090055929810858,0.0008296327227445349
427.0,0.0005255856295047923,0.008965320686381012,0.0008024991743817382
428.0,0.0005212699705476802,0.00884658138968315,0.0007772680368312859
429.0,0.0005186738376236551,0.00870244368816496,0.0007464492619231279
430.0,0.0005181491021962854,0.00857826077868019,0.0007222828091094505
431.0,0.0005201400220780841,0.008457201535438549,0.0007011824759853241
432.0,0.0005264477440209487,0.008322476948760654,0.0006837757528888258
433.0,0.0005381544826686451,0.008218449670600007,0.0006742443635223726
434.0,0.0005549821469369737,0.008113779416429105,0.0006704661692840603
435.0,0.0005757213760107466,0.008027522558580663,0.0006720368041628213
436.0,0.000605960875482061,0.0079328850709909,0.0006772393578708389
437.0,0.000634883951618373,0.007863533372347296,0.000685721325072893
438.0,0.0006675156330450247,0.007796726797180843,0.0006963991058230004
439.0,0.0007108496425020368,0.007735619290312121,0.0007136387155843854
440.0,0.0007502151876435261,0.007688934473882913,0.000728807191231585
441.0,0.0007927397970000946,0.007646571409851498,0.0007457142479710914
442.0,0.0008457686619567339,0.007594643562052012,0.0007654236738522461
443.0,0.0008962034620578508,0.007552267967543562,0.0007810511137428921
444.0,0.0009577764274602494,0.007505809151239891,0.0007923837786933019
445.0,0.00101311184785117,0.007462811382674465,0.0007997863259270688
446.0,0.0010706902923470246,0.007415259092384379,0.000806307296984809
447.0,0.0011446278465593852,0.007356802873148786,0.0008065085899087311
448.0,0.001208694193531058,0.007305835080712392,0.0008029379268730744
449.0,0.0012951989563754036,0.007232110751983846,0.0007983526894457619
450.0,0.0013762277503598253,0.0071651964471919315,0.000792628725051358
451.0,0.0014616813086972581,0.007096749953716442,0.0007868791356675803
452.0,0.0015724382484190152,0.007007146990152683,0.0007770007019310679
453.0,0.0016699587189606716,0.006930046098079742,0.0007707054606252362
454.0,0.001778825022386926,0.006789367894051921,0.0007565344150608567
455.0,0.0018773326387552,0.006674727450629863,0.0007430261876703172
456.0,0.0019817207581283385,0.006552984982799898,0.0007268166720068623
457.0,0.0021108879162838245,0.006407072636075687,0.0007078223900125216
458.0,0.0022238265309845137,0.006280530101077296,0.0006929901334794653
459.0,0.002366496128376488,0.0061319830581747,0.0006729404141347074
460.0,0.0024883549154029426,0.006007183254663798,0.0006590633097820419
461.0,0.0026216492914958485,0.00587492676519203,0.0006463124343259796
462.0,0.002775756092184324,0.005724609700903695,0.0006294476882270599
463.0,0.0029058237958226527,0.005594994162944131,0.0006131663281387959
464.0,0.003043787970482787,0.005463638680797335,0.000593580661361293
465.0,0.003178283065780361,0.005335456066333914,0.0005697162361224051
466.0,0.0033381365678459302,0.005177842092946383,0.0005401501507849898
467.0,0.0034925701775141422,0.005082815382959227,0.0005162018998500136
468.0,0.00364871261751605,0.004985333145002234,0.0004933995773053837
469.0,0.003832396288657999,0.004874327560825807,0.00047144572301752505
470.0,0.003989491415768527,0.004780731009618049,0.00045596194354306904
471.0,0.004151836467330142,0.0046883756558123105,0.00044022247595869107
472.0,0.0043377351032938705,0.004579907658009562,0.0004280234855500871
473.0,0.004505026919705591,0.004490077946386561,0.00041914786960408143
474.0,0.004678201938100218,0.004403330196516396,0.00041445463154603045
475.0,0.0048531079775893955,0.004322672893451913,0.00041778466332514035
476.0,0.0050656018862700256,0.004234872940569917,0.0004289438947190589
477.0,0.005253202733792525,0.0041605330729266145,0.0004439129211766447
478.0,0.005440776584529889,0.004088433223143345,0.00046530285972916385
479.0,0.005666149879915824,0.004008126366127975,0.0004920528337172725
480.0,0.005856174538627076,0.003941380738468236,0.0005140400627265562
481.0,0.006045123112129726,0.0038728484646386504,0.0005343245891547384
482.0,0.006265288308236655,0.003795050549171424,0.0005548929068864356
483.0,0.006450187065360138,0.0037225455171584743,0.0005727685814749068
484.0,0.0066372858878163896,0.0036509253347117893,0.0005909154967207144
485.0,0.006821039155528098,0.003582749482922833,0.0006042460189686545
486.0,0.007026450906545193,0.0035019154321927325,0.0006177194147914345
487.0,0.007192593190382792,0.003428360970081462,0.0006245890991325955
488.0,0.007350281689096407,0.0033502266392243987,0.0006230329872661293
489.0,0.007527951242207074,0.003255418829847199,0.00061399868296905
490.0,0.007671060614812999,0.003172703350632653,0.0005996679623505229
491.0,0.007812198154377978,0.003088806305373629,0.0005816124011336259
492.0,0.007961063159062705,0.0029920419312593986,0.0005572582746560127
493.0,0.008081414581251363,0.0029076698075355964,0.000536374885188927
494.0,0.008201183831087682,0.002823564475486151,0.0005152286293587775
495.0,0.008307878803064352,0.002738900056342815,0.0004959003886511537
496.0,0.008432877574790444,0.002645315664765144,0.0004710490826917877
497.0,0.00853282673925086,0.0025645283725764024,0.0004489704429262936
498.0,0.008628988847308365,0.0024851772666627035,0.0004272533291080881
499.0,0.008736319802976063,0.0023934368115163304,0.000402109667854317
500.0,0.008826462716057703,0.002318386271382144,0.00038182169773304047
501.0,0.00891176270509711,0.0022462033717270866,0.0003633285145726094
502.0,0.009000118401651668,0.002162498397277926,0.00034372188153037627
503.0,0.009073988490024925,0.0020926546873960136,0.00032960197207540894
504.0,0.0091412967210709,0.0020247527947161283,0.00031531280292689825
505.0,0.009208726642815978,0.001960489036890826,0.00030180810671114397
506.0,0.009280537019369834,0.0018884147676222689,0.00029021934062104676
507.0,0.009336033308322384,0.0018272594783683108,0.00028156421159894425
508.0,0.00938383259234778,0.001768184587254398,0.00027556178497332117
509.0,0.009434477905314863,0.0017063475012624003,0.00026905237104555174
510.0,0.009471114195342184,0.0016544903944106077,0.000267121672484189
511.0,0.009499461921016897,0.0016056100518066277,0.00026620882969284853
512.0,0.009526223921580286,0.00155014761824586,0.00026701045947842854
513.0,0.009543936141907475,0.0015045876361680494,0.0002677948611353804
514.0,0.0095533265746266,0.0014613328701608584,0.0002690809433922354
515.0,0.009558024823932565,0.001420151924184926,0.00026983438296489167
516.0,0.009546737067725469,0.0013745417704518733,0.0002698811835546709
517.0,0.009536508279110897,0.0013354176027951371,0.0002714658298293069
518.0,0.009513409439168279,0.0012981547642655464,0.0002742298980050795
519.0,0.009488114388547433,0.0012554435360468477,0.0002799277974515346
520.0,0.009459460040925733,0.0012239347648028227,0.00028952788630661846
521.0,0.00943626506922802,0.0011964382017820823,0.000300769834291583
522.0,0.009407358543291777,0.0011677351783263464,0.000316135445850688
523.0,0.009365480993783072,0.0011395658309106141,0.0003325157631258066
524.0,0.009326760820557275,0.0011134688248329416,0.00034907536096709656
525.0,0.009278015251941515,0.0010909342680881888,0.0003619943106626133
526.0,0.009222808103213718,0.0010648660465376603,0.00037495226351595635
527.0,0.009163317227171853,0.001039652886447969,0.0003873311644047618
528.0,0.00908186646348698,0.0010132037919993384,0.00040070959620253647
529.0,0.009011747805054354,0.0009906348743868318,0.00040940786803977854
530.0,0.008927043051700867,0.0009673732493246116,0.00041698677009225114
531.0,0.008836695695029217,0.0009438534561304016,0.0004220091189919619
532.0,0.0087234320763091,0.0009165960144150531,0.00042416191594714115
533.0,0.008622408639343805,0.0008917525816440346,0.00042254302911206876
534.0,0.008511327551644488,0.0008670412982879213,0.00041859653302051437
535.0,0.008394531558003172,0.0008386530664050119,0.00041445060682678556
536.0,0.008253719944167102,0.0008077122151301767,0.00040594345773430714
537.0,0.00812427744648532,0.0007823817745494593,0.0003964606840570163
538.0,0.007995523896768088,0.0007567224635795518,0.00038669662758824327
539.0,0.007841196574251056,0.0007268058082797802,0.00037598534621665193
540.0,0.007706679726900403,0.0007033503012413674,0.0003635300792812356
541.0,0.007569542873236516,0.0006778771824758276,0.00035070639291248933
542.0,0.007429827225298191,0.0006530628562279043,0.0003390232072100935
543.0,0.007271386611008423,0.0006262300785947226,0.0003238757352359566
544.0,0.007135079187744131,0.0006025392144762971,0.00031144660752013365
545.0,0.006998632685967857,0.0005797257852004068,0.00029811454831638176
546.0,0.006857012623943967,0.0005551322902902539,0.0002855625642113345
547.0,0.006712898148666971,0.0005323859168777221,0.0002712051613068521
548.0,0.0065507452154525145,0.0005080206383713707,0.00025285251750047067
549.0,0.006412223218903365,0.0004864169539925067,0.0002380415687458735
550.0,0.006275581096182651,0.00046602582316505626,0.00022269567818910684
551.0,0.006136433897392649,0.0004454126343118674,0.0002105874302970871
552.0,0.006002867165964028,0.00042695375469752826,0.00019866954723431627
553.0,0.005852234828915878,0.00040580364435843287,0.0001889885242593722
554.0,0.0057267619957659536,0.0003897096969685131,0.00018178376550657583
555.0,0.005599208613759955,0.0003758296158834403,0.0001748824692395012
556.0,0.005470774478708843,0.0003606799448920539,0.0001703219701380631
557.0,0.005349444291598662,0.0003492867739932653,0.00016788577589137282
558.0,0.005209826605286833,0.0003356077012891134,0.00016650505642092653
559.0,0.005094683287808414,0.0003253148603578281,0.00016522019582394088
560.0,0.00497938178006759,0.00031350743315046274,0.00016449726684686255
561.0,0.004864789426741625,0.00030492179232916397,0.00016334422879320617
562.0,0.004755147700895492,0.0002954683430009394,0.00016394168464326859
563.0,0.004629025377276249,0.00028621941586820434,0.00016468655036895046
564.0,0.004507408303431145,0.0002788066911652105,0.000162763074807946
565.0,0.004390137265328539,0.0002721748945805701,0.00016168049034073398
566.0,0.004274989630782291,0.00026623791695401,0.0001611560981351338
567.0,0.004162240962432134,0.00025889715609835956,0.00016155759533028932
568.0,0.004041536603121305,0.00024930591791740583,0.00016178080104992156
569.0,0.003939599923430947,0.00024290286038763465,0.00016173675079418138
570.0,0.003835981080991711,0.00023618387088865546,0.0001595296400221263
571.0,0.0037344222569370127,0.00022988289771825536,0.00015573770913350328
572.0,0.003631815004665402,0.00022264175437314426,0.00015150787526038955
573.0,0.003535052683535615,0.00021432716639817955,0.00014730793304481676
574.0,0.0034388093955460383,0.0002052327565272467,0.00014291682143720877
575.0,0.003342872684980195,0.0001966614281474065,0.0001370370390017338
576.0,0.0032317254002332467,0.00018911692979603934,0.00012799364140536843
577.0,0.0031585553563289992,0.0001801072617338552,0.0001255799122491472
578.0,0.0030809112068455125,0.00017287423760082177,0.00012095071000162441
579.0,0.0030059618127326465,0.0001651836459366021,0.0001160453508045381
580.0,0.002933914343514958,0.0001585008298643301,0.00011033875211808079
581.0,0.0028596978743361855,0.00015201288462251959,0.00010614784997695027
582.0,0.0027896702962485285,0.00014572980012502132,0.00010101430876654175
583.0,0.002711018725026189,0.00013796054973375888,9.594939236433435e-05
584.0,0.002644132656302626,0.00013335699871995724,9.328927787120614e-05
585.0,0.002579142977785663,0.00012788639416410233,9.086320892846093e-05
586.0,0.0025141351130499394,0.00012452002965650016,8.824194014479163e-05
587.0,0.002453710318156109,0.00012102117852246915,8.712671743734322e-05
588.0,0.002389757161337019,0.00011730752978494319,8.674032376045163e-05
589.0,0.0023355318816772244,0.00011252305701834425,8.900593151606188e-05
590.0,0.0022828770615858193,0.00010995127931548152,8.823850200074439e-05
591.0,0.0022310526454554025,0.00010557139624309085,8.959346228398409e-05
592.0,0.002178337086434627,0.00010306886764860692,8.961401923657571e-05
593.0,0.0021268390657230847,0.00010330777873673566,8.908007242829796e-05
594.0,0.0020776647041966657,0.00010003510761082874,9.027539605388539e-05
595.0,0.002029980033093105,9.9147043806383e-05,9.088153337247654e-05
596.0,0.001977582286817057,9.808473692412837e-05,9.151334617229534e-05
597.0,0.0019330338516906204,9.654954434021829e-05,9.169839935224745e-05
598.0,0.0018902196162845003,9.496936331487289e-05,9.216846620767891e-05
599.0,0.0018494181870035069,9.516463617505176e-05,9.258711780825999e-05
600.0,0.0018088865218221345,9.505075557578956e-05,9.237113572655407e-05
601.0,0.0017679388846332247,9.338207590959778e-05,9.367336447649613e-05
602.0,0.0017280747466799226,9.048408818570044e-05,9.444152145040702e-05
603.0,0.0016868504638240709,8.879987089104378e-05,9.490329599589641e-05
604.0,0.0016460782267781696,8.965646031718766e-05,9.334971485489181e-05
605.0,0.0016071922989310229,8.884709114117173e-05,9.304163720857747e-05
606.0,0.001560937417228156,8.478754256351126e-05,9.324716816159981e-05
607.0,0.0015226447745803093,8.336689177135078e-05,9.114477632598307e-05
608.0,0.0014848508340779241,8.102734215974491e-05,8.966201037281304e-05
609.0,0.0014468620732206818,7.906244405717979e-05,8.783731973795845e-05
610.0,0.0014107997851163145,7.63704276972614e-05,8.531404132429784e-05
611.0,0.0013730741750633813,7.475190966806333e-05,8.347400967959559e-05
612.0,0.0013358232790384112,7.09684555804431e-05,8.169478803211506e-05
613.0,0.001298694316064214,6.766952587560298e-05,8.003275615226112e-05
614.0,0.0012620633375675823,6.711755439273616e-05,7.570701688408344e-05
615.0,0.0012296713227402407,6.655299881248641e-05,7.140827141395017e-05
616.0,0.0011904690534730465,6.461152605106588e-05,6.856794406329727e-05
617.0,0.0011585748160538112,6.12828977396974e-05,6.672326729744972e-05
618.0,0.0011284915272698481,5.968912200571527e-05,6.41946422359507e-05
619.0,0.0011015460350634386,5.706341442507097e-05,6.322791273469832e-05
620.0,0.0010744128368913757,5.572086163289587e-05,6.345273576284194e-05
621.0,0.0010457428114270684,5.501602256040116e-05,6.346346416830377e-05
622.0,0.0010189743727992146,5.245111577253497e-05,6.479559334201244e-05
623.0,0.0009932160190212578,5.050272973762898e-05,6.619794050663204e-05
624.0,0.0009697499469763012,4.9057840067319e-05,6.526318828997197e-05
625.0,0.0009454280274107114,4.867360988219991e-05,6.5364446792324e-05
626.0,0.000919675362138086,4.6492189119988605e-05,6.531460672969569e-05
627.0,0.0008968587926657925,4.4781283211490227e-05,6.477162113549809e-05
628.0,0.0008723441735653257,4.402332582918976e-05,6.424327251022233e-05
629.0,0.0008503558105144065,4.3335815344292466e-05,6.343886756379237e-05
630.0,0.0008289648543719088,4.293990089232517e-05,6.361029216998616e-05
631.0,0.0008071769835815566,4.271384673913435e-05,6.334420931100254e-05
632.0,0.0007840346436727018,4.351164722682603e-05,6.0830166072806506e-05
633.0,0.0007631864568762542,4.47782952855667e-05,5.7287984697947804e-05
634.0,0.0007425429399041324,4.201431678881027e-05,5.646328780469302e-05
635.0,0.0007208784443762055,4.2040240868493896e-05,5.3502418692007724e-05
636.0,0.0007009129505733698,4.018937732607865e-05,5.17620798495072e-05
637.0,0.0006813853979092427,4.028807355200099e-05,5.0470515893123525e-05
638.0,0.0006619633696267077,3.8423244373082406e-05,4.853355073293863e-05
639.0,0.0006418699847899055,3.932090599849808e-05,4.5744109701214456e-05
640.0,0.0006238139683781282,3.79751953299259e-05,4.504308769859956e-05
641.0,0.0006078560085990094,3.513952912690365e-05,4.4646574907629904e-05
642.0,0.0005914069891658383,3.380183719555057e-05,4.3520079737514324e-05
643.0,0.0005744614042204268,3.413776185144703e-05,4.1185779235845764e-05
644.0,0.0005596843696145516,3.051111864328355e-05,4.133270507812468e-05
645.0,0.0005440484199630369,3.0325509875231773e-05,4.061557567827811e-05
646.0,0.0005259702400009143,2.735098482169934e-05,4.094926421193752e-05
647.0,0.0005133081019690091,2.7852994503235114e-05,3.9512088412230415e-05
648.0,0.0005007643190846256,2.740736068465119e-05,3.889411382606559e-05
649.0,0.0004882772148792298,2.6563658923100192e-05,3.9756879781778974e-05
650.0,0.00047473910380367107,2.5041606637870982e-05,4.0086003487284065e-05
651.0,0.0004620780633551295,2.463960367094811e-05,3.9525946712339936e-05
652.0,0.00045102494539697225,2.3418741825235387e-05,4.081208932239552e-05
653.0,0.00043961195440886456,2.4155683883629876e-05,4.0780689999386836e-05
654.0,0.0004293076158531717,2.466969458234038e-05,4.03778715866858e-05
655.0,0.00041932816666619794,2.5878754864974143e-05,3.995026702001924e-05
656.0,0.00040869133994174704,2.534096611916859e-05,3.9283265448344325e-05
657.0,0.0003964899977295487,2.6218859949777124e-05,3.7837048381487724e-05
658.0,0.00038723438062627407,2.4111671986802873e-05,3.8093932819658034e-05
659.0,0.0003771066093091304,2.527087559283126e-05,3.694505676525359e-05
660.0,0.0003657836223970864,2.326175889115917e-05,3.711841363707219e-05
661.0,0.00035702928246993375,2.2709168842301962e-05,3.734330513356585e-05
662.0,0.00034641414135630575,2.1801638879703606e-05,3.6729878980945775e-05
663.0,0.000336205470270885,2.344216807603233e-05,3.50935748731913e-05
664.0,0.0003284220346053505,2.3745313577062907e-05,3.483139003746289e-05
665.0,0.00031917444657604863,2.3490461063194724e-05,3.2323993569366675e-05
666.0,0.000309348230084409,2.2331658489912134e-05,3.148137017410862e-05
667.0,0.00029859111120120104,2.2546771252040914e-05,3.0747448001286786e-05
668.0,0.00028844982662151167,2.0939937601267497e-05,3.009274539356789e-05
669.0,0.00028009330050403905,2.0565888308055762e-05,3.0104726237452623e-05
670.0,0.0002734175316399235,2.0602115358724557e-05,2.972965763701819e-05
671.0,0.0002653463940030065,2.010999167612768e-05,3.0399899558030527e-05
672.0,0.00025787274280166374,1.952031358438483e-05,3.0898379868868337e-05
673.0,0.00025196522071712366,2.1270376489877138e-05,2.9461492879458656e-05
674.0,0.00024375766432343504,2.1506506644966148e-05,2.933512323473885e-05
675.0,0.00023764084331293585,2.193857073592578e-05,2.8414653077287364e-05
676.0,0.0002326313931042094,2.102982793932582e-05,2.8572301973644874e-05
677.0,0.00022550940479776926,1.9513711589002838e-05,2.8291334248187302e-05
678.0,0.00021881217278459417,1.98082173118995e-05,2.935275653768171e-05
679.0,0.00021301782398343305,2.104972845511005e-05,2.817464800746304e-05
680.0,0.00020917990360740487,1.951997851989711e-05,2.8381549867559225e-05
681.0,0.00020403257329515588,1.9974367338264233e-05,2.7580111219818007e-05
682.0,0.0001995561694887504,2.051090149428019e-05,2.652449433444662e-05
683.0,0.00019306617966428392,2.039342528448093e-05,2.5612882632748483e-05
684.0,0.00018824897184102851,2.0445840377113203e-05,2.4551093827109577e-05
685.0,0.00018335426945725324,1.8879794800979433e-05,2.5190470970326694e-05
686.0,0.00017882755870504891,1.8409137283078785e-05,2.4874430631567673e-05
687.0,0.0001746909910246527,1.5389923280544172e-05,2.6066832382274314e-05
688.0,0.0001695103796550509,1.738529151227387e-05,2.4429222268348206e-05
689.0,0.00016440647423593413,1.6855074805934234e-05,2.41840364101525e-05
690.0,0.0001603205719877781,1.8094432116509272e-05,2.4457579305079787e-05
691.0,0.00015539380984843238,1.740618816585969e-05,2.491392574120219e-05
692.0,0.00015183297481900486,1.7728283302018797e-05,2.6554295099172468e-05
693.0,0.00014808495590734432,1.8993064424302243e-05,2.7225178134223736e-05
694.0,0.00014623619487668136,1.7305562500863543e-05,2.9888880319927505e-05
695.0,0.0001449445129911083,1.757090774732493e-05,3.109217800650866e-05
696.0,0.00014238529539991566,1.5998694553786407e-05,3.3523113552473126e-05
697.0,0.00013869556140482816,1.6426025297848372e-05,3.3881599142865756e-05
698.0,0.00013609582254334087,1.5962579351193614e-05,3.3759693367712e-05
699.0,0.00013257598813289968,1.6225747846493182e-05,3.451834600509881e-05
700.0,0.00013015565483195295,1.7810662548298225e-05,3.3846246745509e-05
701.0,0.00012753053636556922,1.67339402587916e-05,3.424404792426927e-05
702.0,0.0001254500411608635,1.788885345519328e-05,3.383775002289733e-05
703.0,0.0001229242947563519,1.7160096730465545e-05,3.388653274460513e-05
704.0,0.00012273361655779509,1.6927256219333096e-05,3.414397557736488e-05
705.0,0.00012086309351722546,1.5144604591916175e-05,3.416945158858739e-05
706.0,0.0001185011474845775,1.4460742605659049e-05,3.487380162975434e-05
707.0,0.00011527278168894288,1.609793728456039e-05,3.3048647541990534e-05
708.0,0.0001113575646803393,1.4659408822883275e-05,3.3643030933944665e-05
709.0,0.00010967707363340516,1.5115518056949729e-05,3.3300949626033356e-05
710.0,0.00010927243130414858,1.6399395541616367e-05,3.3274363751676966e-05
711.0,0.00010744757648479721,1.847723056085689e-05,3.307780158527262e-05
712.0,0.00010598344529701929,1.664759875492524e-05,3.324438704340521e-05
713.0,0.00010427553733815695,1.6677318226825936e-05,3.230295802924395e-05
714.0,0.0001031220684919297,1.6714143575543557e-05,3.309503772989806e-05
715.0,0.00010133523704804628,1.4771894435696413e-05,3.354702160191601e-05
716.0,9.950087041370073e-05,1.338181276759462e-05,3.341563971438405e-05
717.0,9.747508713740195e-05,1.4142339987494041e-05,3.261495106699755e-05
718.0,9.458237123816755e-05,1.5667339549724805e-05,3.1930126997894095e-05
719.0,9.249120251870926e-05,1.665987360138597e-05,2.981662407201516e-05
720.0,9.124141603296341e-05,1.499893544659968e-05,3.0472451240504454e-05
721.0,8.962920317101543e-05,1.5142570223913647e-05,2.9622218616507525e-05
722.0,8.855145369399085e-05,1.576611761507756e-05,2.8512471505683253e-05
723.0,8.627456728678838e-05,1.604262701487543e-05,2.7563719214804154e-05
724.0,8.472593851920827e-05,1.5049759820874082e-05,2.7148754622726786e-05
725.0,8.366499700381173e-05,1.7207749843080985e-05,2.636072346073044e-05
726.0,8.238478016510605e-05,1.970733566053301e-05,2.6075532868276363e-05
727.0,8.041639367975653e-05,2.10979300606265e-05,2.47618359678439e-05
728.0,7.988311058334231e-05,2.2379755638239416e-05,2.4779736166945e-05
729.0,7.905324909056318e-05,2.333221485553436e-05,2.5258421810099532e-05
730.0,7.655132293231909e-05,2.3899178077500912e-05,2.3917852747998847e-05
731.0,7.574945739271574e-05,2.167531300480502e-05,2.51364502071964e-05
732.0,7.346210651359445e-05,2.116764143089519e-05,2.5175391830928803e-05
733.0,7.276846362393012e-05,2.10896806033724e-05,2.4431287098220957e-05
734.0,7.141734058339151e-05,2.0058669542710764e-05,2.4306463805122937e-05
735.0,6.886761858566093e-05,1.882062318982956e-05,2.41001997441474e-05
736.0,6.769161068930201e-05,1.5855981863270542e-05,2.4528145378276125e-05
737.0,6.496667760622473e-05,1.4431941161900934e-05,2.467665529381408e-05
738.0,6.333773338165816e-05,1.2844992104862602e-05,2.4321612651090016e-05
739.0,6.126626140634372e-05,9.378283266148707e-06,2.5112918134073112e-05
740.0,5.884389763865442e-05,7.79189471276064e-06,2.538281619767569e-05
741.0,5.663073164423561e-05,5.162927308271228e-06,2.652835970938089e-05
742.0,5.412461185385027e-05,5.698971907168158e-06,2.558686124894779e-05
743.0,5.4180168561226195e-05,5.23068983216172e-06,2.5643398238504627e-05
744.0,5.2618674740566395e-05,5.899145369430766e-06,2.367210489148678e-05
745.0,5.165549346404766e-05,5.6623134120091276e-06,2.4399539004674876e-05
746.0,4.95221859133948e-05,6.80149200876185e-06,2.4209770065941973e-05
747.0,4.786061331909312e-05,6.978518433700307e-06,2.462301193864395e-05
748.0,4.6710399302997715e-05,8.934415469839426e-06,2.2886577993702658e-05
749.0,4.482480355774224e-05,9.302972409761654e-06,2.2180636999633872e-05
750.0,4.4953724372887385e-05,1.0050915327040929e-05,2.0842596693134635e-05
751.0,4.3764149008364915e-05,1.0970521922023742e-05,2.065740858885111e-05
752.0,4.3701163542274104e-05,1.2270143413247862e-05,1.9075820976416646e-05
753.0,4.4762751475657915e-05,1.14906763324669e-05,1.8912222986674398e-05
754.0,4.3467075081045834e-05,1.436310589501323e-05,1.684456638119671e-05
755.0,4.370479226456216e-05,1.4624466252934708e-05,1.602716649356672e-05
756.0,4.2685656334912595e-05,1.312072896805217e-05,1.6467577298953823e-05
757.0,4.304472851843913e-05,1.224612415612539e-05,1.66074141696642e-05
758.0,4.356469346437727e-05,1.1508019288349993e-05,1.663421732063555e-05
759.0,4.1823641181597585e-05,1.0684501798805377e-05,1.725111787441689e-05
760.0,4.169796727522772e-05,1.1487155435849303e-05,1.561219697659309e-05
761.0,4.129042997241742e-05,8.323130273251716e-06,1.7941176745905617e-05
762.0,4.119932082356686e-05,8.848334741557888e-06,1.7638190521364665e-05
763.0,3.998156345001005e-05,8.963183849559651e-06,1.79091391769584e-05
764.0,3.846731280958159e-05,9.182021376271903e-06,1.7556549952495425e-05
765.0,3.724029164792015e-05,7.726829054346011e-06,1.812886340055846e-05
766.0,3.6534468228946676e-05,8.603579588454198e-06,1.7510036055573363e-05
767.0,3.52085845091789e-05,7.771931771056195e-06,1.738366816752169e-05
768.0,3.334297703890204e-05,6.909989016612653e-06,1.7079261516433424e-05
769.0,3.274335560219724e-05,6.26892244574866e-06,1.72874559516217e-05
770.0,3.161736424947466e-05,5.537920420934242e-06,1.829067198445678e-05
771.0,2.9567162999442167e-05,6.325826140717883e-06,1.6347347002089583e-05
772.0,3.0215307159225654e-05,7.557472353278231e-06,1.4471120860917712e-05
773.0,2.9271881471040895e-05,6.33433342079104e-06,1.537333277850234e-05
774.0,2.9307756223465713e-05,7.0447762964934664e-06,1.4417724579343299e-05
775.0,2.7874398745640837e-05,6.456716584809196e-06,1.52907195809448e-05
776.0,2.7140291888635435e-05,5.807604963245037e-06,1.5687804753927065e-05
777.0,2.6445842149160874e-05,5.669851069012871e-06,1.5644205851099494e-05
778.0,2.59822536787649e-05,5.769148285965611e-06,1.571738900067091e-05
779.0,2.5144310156720648e-05,4.033770831001381e-06,1.699232389763453e-05
780.0,2.497428733425286e-05,2.874114491829801e-06,1.794661294980759e-05
781.0,2.5455059893232175e-05,1.895664415354693e-06,1.907547758115988e-05
782.0,2.5163533905881423e-05,2.65857451672614e-06,1.8186689190805403e-05
783.0,2.5302774018873534e-05,4.34008352909798e-06,1.652426921016073e-05
784.0,2.624956000580722e-05,1.9553319268604094e-06,1.797694244955378e-05
785.0,2.5698713111790098e-05,2.3654181723251277e-07,1.821053399047131e-05
786.0,2.4808970537296028e-05,1.4147568947434477e-06,1.7622758573650975e-05
787.0,2.3961962856026592e-05,1.09947958707247e-06,1.781108610381703e-05
788.0,2.4314587419229207e-05,1.8099569109411023e-06,1.755688221001477e-05
789.0,2.4186491591284896e-05,1.4551219803511032e-06,1.7301177722431236e-05
790.0,2.5141642621361942e-05,2.4598841981030822e-06,1.677705270130752e-05
791.0,2.4547798415819387e-05,4.15964621588341e-06,1.6627448560844107e-05
792.0,2.358039063588088e-05,4.937702421386733e-06,1.5318373462924053e-05
793.0,2.434464845358022e-05,4.517778590921358e-06,1.458905535836548e-05
